"Distance[m]" "Pseudodepth[m]" "Apparent resistivity[ohmm]"
300 200 340.1
270 180 353
290 180 330.3
310 180 314.3
330 180 307.5
240 160 387.7
260 160 348.4
280 160 316.5
300 160 304.6
320 160 291
340 160 276
360 160 272.4
210 140 435.1
230 140 381.8
250 140 335.2
270 140 300.8
290 140 291.8
310 140 280.4
330 140 269.2
350 140 258.9
370 140 231.4
390 140 213.8
340 120 248.2
360 120 225.2
380 120 197.9
400 120 164.6
420 120 156.2
180 120 502.3
200 120 440.7
220 120 367
240 120 318
260 120 287.5
280 120 278.2
300 120 265.3
320 120 258.5
250 100 271.5
270 100 262.4
290 100 249.9
310 100 242.4
330 100 233.7
350 100 212.4
370 100 187.4
390 100 165.6
410 100 142.4
430 100 114.1
150 100 558.8
450 100 125.6
170 100 509.3
190 100 438.6
210 100 358.6
230 100 301.6
160 80 486.6
400 80 139.6
180 80 417.6
420 80 124.6
200 80 355.4
440 80 115.6
220 80 294.6
460 80 99.46
240 80 247.9
480 80 101.2
260 80 239.7
280 80 233.4
300 80 223.4
320 80 214.5
340 80 198.4
120 80 551.1
360 80 180.5
140 80 527.5
380 80 160.4
250 60 207.6
430 60 111.8
90 60 505.3
270 60 202.4
450 60 97.18
110 60 478.8
290 60 200.6
470 60 85.05
130 60 450.7
310 60 196.7
490 60 65.43
150 60 419.1
330 60 186.3
510 60 90
170 60 382.6
350 60 168.9
190 60 321.3
370 60 150.8
210 60 271.2
390 60 142.1
230 60 226.2
410 60 127.8
100 40 391.6
220 40 177.9
340 40 149
460 40 78.64
120 40 352.8
240 40 164.7
360 40 142.7
480 40 72.13
140 40 338.3
260 40 150.9
380 40 132.3
500 40 66.4
160 40 309.1
280 40 159.5
400 40 113.1
520 40 45.04
60 40 458.3
180 40 255.6
300 40 174.1
420 40 101.6
540 40 112.4
80 40 441.5
200 40 206.5
320 40 160.8
440 40 88.08
70 20 250.9
130 20 210.3
190 20 128.9
250 20 90.83
310 20 110
370 20 93.61
430 20 74.83
490 20 67.09
550 20 39.9
30 20 278.6
90 20 237.2
150 20 190.6
210 20 97.88
270 20 92.37
330 20 107.1
390 20 82.91
450 20 69.05
510 20 64.63
570 20 45.27
50 20 261.2
110 20 221.2
170 20 154
230 20 96.88
290 20 109.6
350 20 99.8
410 20 78.24
470 20 69.2
530 20 66.04
45 30 374.4
135 30 286.7
225 30 135.2
315 30 143.2
55 30 371.4
145 30 275.5
235 30 133.3
325 30 137.5
65 30 368
155 30 251.8
245 30 127.2
335 30 131.2
75 30 362.7
165 30 232.4
255 30 121
345 30 128.4
85 30 347.9
175 30 211.6
265 30 121.6
355 30 126.8
95 30 328.4
185 30 194.1
275 30 130.7
105 30 306.2
195 30 168.5
285 30 137.7
115 30 294.1
205 30 146.8
295 30 143.6
125 30 293.7
215 30 135.2
305 30 146.4
40 20 273.9
100 20 226.4
160 20 169.8
220 20 96.18
280 20 102.8
340 20 99.87
60 20 253.2
120 20 213.9
180 20 144.8
240 20 94.43
300 20 106.9
360 20 98.39
80 20 245.2
140 20 205.4
200 20 108.5
260 20 89.12
320 20 114.7
15 10 164.8
45 10 132.2
75 10 123.3
105 10 114.5
135 10 110.7
165 10 87.55
195 10 72.32
225 10 67.9
255 10 63.87
285 10 71.17
315 10 74
345 10 66
375 10 64.86
25 10 151.7
55 10 125.2
85 10 125.8
115 10 112.9
145 10 103.5
175 10 83.03
205 10 67.22
235 10 69.26
265 10 64.7
295 10 71.05
325 10 70.69
355 10 67.33
385 10 60.33
35 10 146.4
65 10 126.1
95 10 118.9
125 10 107.9
155 10 99.28
185 10 78.34
215 10 69.51
245 10 65.73
275 10 63.6
305 10 69.46
335 10 66.85
365 10 63.28
360 240 316
380 240 304.6
400 240 287.4
420 240 260
440 240 235.8
330 220 329.2
350 220 316.4
370 220 300.4
390 220 282.4
410 220 258.4
430 220 232.3
450 220 203.7
470 220 180
320 200 326.8
340 200 309.7
360 200 292.8
380 200 277.8
400 200 255.2
420 200 227.8
440 200 200.5
460 200 174
480 200 144
500 200 127.5
350 180 286.6
370 180 272.5
390 180 249
410 180 223.6
430 180 195.4
450 180 167.3
470 180 138.7
490 180 118.3
510 180 101.4
530 180 87.82
380 160 242.5
400 160 215.7
420 160 187.1
440 160 160.3
460 160 131.9
480 160 113.2
500 160 95.56
520 160 86.63
540 160 77.65
560 160 69.79
410 140 178
430 140 151.9
450 140 126.9
470 140 108.7
490 140 92.76
510 140 83.33
530 140 77.38
550 140 67.97
570 140 58.96
590 140 53.12
540 120 66.96
560 120 59.04
580 120 49.23
600 120 46.27
620 120 43.96
440 120 121.9
460 120 106
480 120 95.69
500 120 86.48
520 120 76.6
470 100 99.57
490 100 86.76
510 100 76.43
530 100 66.63
550 100 66.83
570 100 49.63
590 100 43.21
610 100 39.41
630 100 34.06
650 100 54.57
600 80 40.91
620 80 42.24
640 80 35.08
660 80 32.79
680 80 51.9
500 80 75.5
520 80 66.01
540 80 58.02
560 80 51.08
580 80 48.33
630 60 40.07
650 60 39.37
670 60 42.38
690 60 32.37
530 60 59.28
710 60 69.13
550 60 54.37
570 60 49.62
590 60 46.7
610 60 42.22
660 40 50.22
560 40 56.53
680 40 52.43
580 40 53.89
700 40 53.82
600 40 52
720 40 36.9
620 40 51.14
740 40 122.3
640 40 49.06
630 20 64.19
690 20 64.47
750 20 43.19
590 20 62.14
650 20 67.96
710 20 68.17
770 20 39.16
610 20 68.55
670 20 66.81
730 20 65.52
425 30 85.39
515 30 64.12
435 30 81.77
525 30 62.91
445 30 77.27
535 30 60.73
365 30 125.7
455 30 74.75
545 30 60.27
375 30 116.6
465 30 72.23
555 30 61.28
385 30 107.4
475 30 70.09
395 30 99.75
485 30 68.09
405 30 95.6
495 30 65.77
415 30 92.2
505 30 65.71
420 20 74.82
480 20 68.62
540 20 61.71
380 20 86.41
440 20 72.26
500 20 65.52
560 20 66.48
400 20 80.65
460 20 69.13
520 20 65.98
395 10 63.23
425 10 67.37
455 10 61.7
485 10 62.81
515 10 64.29
545 10 62.52
575 10 69.59
405 10 64.86
435 10 61.06
465 10 64.73
495 10 68.29
525 10 62.12
555 10 68
585 10 67.03
415 10 62.2
445 10 66.7
475 10 65.6
505 10 62.4
535 10 62.16
565 10 70.35
625 30 60.14
715 30 58.56
635 30 58.77
725 30 60.46
645 30 60.34
735 30 60.68
565 30 60.96
655 30 57.46
745 30 56.54
575 30 59.5
665 30 58.79
755 30 59.66
585 30 58.77
675 30 58.6
595 30 56.87
685 30 60.46
605 30 57.93
695 30 61.35
615 30 59.04
705 30 62.3
620 20 64.46
680 20 69.2
740 20 69.81
580 20 62.85
640 20 69.34
700 20 67.41
760 20 71.81
600 20 66.79
660 20 65.08
720 20 67.45
595 10 64.37
625 10 69.88
655 10 70.27
685 10 64.12
715 10 62.29
745 10 70.99
775 10 86.25
605 10 64.45
635 10 78.37
665 10 63.25
695 10 64.98
725 10 62.97
755 10 90.32
785 10 110
615 10 74.26
645 10 74.15
675 10 72.09
705 10 64.37
735 10 76.59
765 10 96.16
